version https://git-lfs.github.com/spec/v1
oid sha256:9e6e7faef3ff81c51154683040231c4f867eec8362a880726430da55fcdf1714
size 443
